11964
18978
15788
10304
1192
16710
2737
18478
8399
14721
17911
17036
13500
16109
5844
13831
8517
481
9369
8776
8861
19320
13897
4779
1167
16601
329
6564
13021
3610
15618
18915
9854
1700
3330
9576
9660
14207
8484
12809
12699
9477
99
13194
13439
6393
14812
13005
14152
16861
16069
16072
17436
10779
1431
12500
3707
5855
17759
16905
18172
2001
14799
18936
15641
15710
19475
15533
15458
5729
19463
2733
8260
13698
18624
7829
8480
8891
14479
869
5011
6000
9362
3599
19756
14433
19983
10404
6241
6348
14320
7395
6586
19985
1252
7292
6444
18797
16281
1255
19884
10993
8891
11032
1648
15414
12499
1113
11320
16864
15636
16576
13047
19279
18050
14243
19845
14096
410
7232
8075
7085
10919
13858
4568
589
17026
4473
5124
10273
4375
1434
2848
4282
12891
17955
13766
2396
1321
12597
5482
7668
5471
3837
1297
11507
7348
12105
4137
870
12202
1315
7839
15291
8862
16771
3215
3625
3213
14094
19078
15606
5531
5802
2237
1247
18371
19317
7390
7255
19911
1328
13993
10403
17541
9434
8018
7569
3849
1815
4972
14930
8851
6763
18623
6404
15082
13808
19100
19518
13117
11144
15757
10652
6009
5248
1961
6376
12874
5420
4425
12289
19113
12024
4595
1905
2130
17313
11144
17328
18272
4307
11208
5201
17637
11929
12573
5574
5532
13562
16506
4389
17375
13634
10744
2075
16533
1785
19405
18361
18217
16544
5611
16301
5171
5057
5070
3340
7051
19257
1578
9955
12053
6823
9119
10729
11398
18209
18976
912
12733
14679
9382
13550
10380
12811
14003
16889
18193
14764
4607
5122
7762
13922
10522
3717
9980
6046
1016
7436
7377
8605
10452
1932
18096
13255
7358
6334
3579
15756
1187
16390
3095
13798
3649
13198
5469
8566
4122
705
16258
3801
16187
10347
15574
9042
763
4565
2280
17432
42
19613
11480
6797
6161
12225
12328
9983
12793
2227
15714
5144
18087
3220
3402
13423
9030
3970
2178
19139
3016
169
9366
5304
859
11542
14296
861
7299
19853
5000
14661
10283
2848
6738
8900
6669
13352
16866
3986
17012
7872
17557
17360
10836
13782
10690
13471
5681
2753
17439
13049
17841
8782
7604
18764
10799
1652
802
9110
2030
1223
6069
9365
15234
11303
2363
7269
12992
15952
7279
11035
8569
9842
10071
13778
16834
16737
7569
13334
16166
16966
8096
2425
12633
14159
18609
6364
8078
3802
16159
2084
13730
6141
16011
7885
358
5738
15829
7553
19359
19574
1715
5699
2500
12347
6749
18829
11008
7630
1380
10801
7116
5076
8443
5625
10264
19583
12825
19841
16188
8921
3321
3162
7830
7001
2781
18721
10858
18084
1162
12208
14477
19350
5528
8123
9992
1290
7876
7824
5520
8611
12748
12246
47
8609
3321
684
29
5005
17691
10280
18078
19753
18677
16263
7003
991
19752
10700
5831
5349
19785
4142
976
5539
16108
801
1673
8435
4929
16246
2507
17615
18479
19519
1399
9821
10341
18882
18490
584
5715
15887
15552
5412
6788
3738
8919
17466
4443
89
11613
18741
17213
7291
7943
6818
16921
10502
9069
19408
16657
5648
18385
13996
18454
6333
11357
708
18630
14209
393
5217
17613
13069
9561
8038
4533
14974
8272
17208
13455
12022
7849
15816
1364
12489
11639
1027
4431
11302
7767
8767
8972
7667
633
18600
1515
19448
5985
13534
11827
16059
1403
16426
11076
17785
5977
7192
4123
11229
16232
14446
15385
10499
7897
9837
2741
6691
15136
6477
10933
13601
8332
3534
13232
14724
12831
4924
18243
10610
19810
13457
9868
9886
7292
17186
1873
10097
2014
19371
17592
8692
11010
674
2205
16926
8385
16567
3694
3924
2890
2105
4280
3185
12489
19646
7129
19690
12721
886
299
3748
10974
15512
5024
6940
10462
7371
2272
4724
1214
17162
10220
5110
16142
2462
12774
16732
14317
4963
7267
13640
2732
4940
17547
13427
18074
8204
13262
12841
6680
11125
2054
18999
6538
8526
2821
15796
8165
16225
1120
19684
18183
2774
19958
7298
16428
7943
11009
503
8812
1572
3091
16906
10962
9313
14549
11685
14699
2919
12162
13047
4111
2637
993
12715
17823
3218
9758
9665
4982
4758
4236
2533
9970
1115
10347
13854
5655
15399
8525
7552
13516
1344
3716
275
4743
9645
1935
11584
8985
14490
8012
5196
7462
2883
16786
18981
8449
15471
18499
19399
7414
1494
3332
215
16529
16833
923
5760
6068
80
6851
10522
13267
15420
5229
16086
12645
14908
11875
4289
6560
1255
12944
14506
3852
14923
10749
14632
7037
1819
19990
11424
8117
5870
4964
14727
11690
12214
310
12421
11390
3648
10309
19038
4519
168
18345
553
4595
19600
3833
975
9543
7345
17129
10475
18626
16978
19241
15296
12425
4702
948
19703
10383
10008
5415
8289
19562
8317
7949
14603
18701
14437
8112
5784
16031
8757
4606
5552
8062
12557
16186
8822
17639
19313
13978
10956
7536
3041
1545
11710
14483
14300
3711
19709
16143
7260
6317
6086
9167
14025
18157
9892
121
268
4528
1707
3492
15921
8680
4146
5693
17060
16298
19898
18013
19219
19025
5729
10811
18784
15186
8479
12272
14910
14342
7676
7943
17981
9484
4064
6643
11771
18935
10208
9459
12701
14427
3638
3614
4179
1007
1479
18254
16492
5799
11196
8485
17697
570
4978
2603
14179
10691
4092
8517
1950
4185
9477
3623
6100
7837
1262
5594
16696
11618
14293
16940
6550
84
15670
11463
2655
4664
15733
17449
6607
15577
5045
4459
3367
6866
16386
14502
13106
18542
6888
9523
143
1823
6089
6565
8903
10186
14645
10073
5472
19511
19155
6171
8309
3436
16917
9625
414
4680
1514
12472
19737
13202
15529
12512
15005
16327
6152
18221
2348
3891
1681
1850
10395
16157
8551
10994
2605
3435
10370
18904
4587
12222
1500
6531
18626
3742
15755
4325
6944
14408
15084
13011
5516
11035
2900
18014
18882
5229
2915
11624
3626
19437
15074
8015
1872
855
18230
3164
1134
500
375
5023
1040
17873
13061
7501
8977
11802
11688
7975
5607
4756
17177
15339
3189
11349
4760
9655
15761
919
2537
5976
18765
5740
3283
3729
13109
7090
14699
5345
15460
6178
3467
3146
9055
14141
18602
12269
19618
4784
14647
4578
6912
11625
13696
11070
5498
8167
2666
232
5814
14702
8202
929
5412
13019
4974
5531
18074
7658
1527
9161
1560
344
7014
11517
6952
656
13542
517
2348
4488
1891
11145
11697
9607
16555
12318
15944
477
469
16070
12148
15939
17898
5213
18227
2932
222
15758
4653
19827
19338
7422
5736
17563
15248
4911
10331
1662
18615
14923
17879
5405
675
5963
14727
15874
7679
6228
362
4623
7184
5743
5711
10031
18153
16511
11160
9857
19865
9884
6912
19014
14575
3174
2975
4029
157
8594
388
15012
13906
8317
8906
4967
14937
14365
5083
15718
15578
5462
16689
6939
2134
12913
11349
1667
6538
10895
14800
11459
14239
19061
5565
9256
13826
11569
17681
10350
14942
5886
8513
11969
4379
7832
17102
16631
5437
19198
16683
5118
12429
7532
10570
19158
18045
12977
19799
2161
7372
14076
1003
6200
6633
17609
10197
7032
10057
6912
1553
11970
15602
1029
1277
14218
5582
5177
15815
8063
1733
13917
6474
14469
10930
9816
4967
12933
14183
15496
14455
4118
12263
4164
5254
8111
3230
17240
11713
3146
10790
1049
13011
2629
4820
19159
9827
14780
9853
3151
4775
12036
19072
19510
5753
2021
17655
3873
5791
18424
10145
16592
11772
10405
12493
8139
19297
12217
10942
11669
4873
16043
1701
11938
3048
8976
7374
18456
8422
12141
324
13176
19848
16772
18516
15782
17914
10063
9455
5277
280
4961
6873
10087
14390
3412
1550
17178
19358
16437
4865
10041
11321
4351
5336
11698
10948
3668
12471
11950
12925
14490
15643
3283
19424
16859
16466
11901
1259
5592
2962
17774
7145
13960
10131
6194
14757
15847
17728
11299
8982
19140
7587
15316
7677
11053
2633
6061
10735
9969
155
18592
17219
7543
15030
17724
3647
1975
8735
17536
17023
279
16828
19113
13528
11989
4743
10513
12823
17508
2916
8262
8060
1850
710
9565
8068
9656
7268
5998
18899
502
6956
10468
17474
5810
14749
12716
3550
6091
9766
19004
4078
13169
11061
9552
19217
8596
4358
14737
2623
7272
13046
15592
1306
12671
7310
9386
13938
784
649
8830
14173
5779
5113
16569
6475
5603
15487
6939
6592
1742
14719
6432
979
14571
16928
9682
15881
12379
5303
2629
2129
5117
14549
13138
4617
7075
11169
6378
16188
1992
1031
72
2840
10059
14311
14071
926
17849
15983
15912
11893
17047
1275
19546
2527
14772
596
18044
1915
14771
3791
1228
16025
9852
17501
2910
17817
15442
6876
3505
7408
12767
12358
7690
5335
17061
928
12251
11618
88
16283
3287
5098
14042
10957
19308
14604
9427
13510
11399
870
14620
15193
10518
491
2980
2846
4825
1058
13879
13767
19348
7191
10913
2070
17058
7577
14226
13737
3218
6282
15466
12091
14651
13159
8602
19550
19094
2684
10152
11377
18614
3539
14478
8118
10887
1276
12252
11004
2771
1662
10508
10971
15194
13027
8923
14031
10347
240
3369
16517
4551
6773
4036
410
1910
8932
10050
13268
10413
8504
8378
7629
1630
9052
10707
11020
19856
18180
2957
12408
3857
16510
13769
12579
11562
12840
17390
15256
4631
17721
14557
19269
7352
8809
17945
3463
18473
18628
16924
3823
9976
7739
4617
6397
12157
10176
11540
19134
5498
8025
18320
5437
3194
7164
11493
2820
11955
3946
1666
17706
11957
1633
2879
12844
9950
4385
5240
10737
9028
5668
19712
8811
3555
9248
4618
5097
11733
9447
1499
7435
17837
11
13332
13908
9624
17723
11438
1389
4173
3631
14793
4764
9361
5932
19950
5856
3249
6060
11476
4233
20
15238
8839
5726
5285
7461
6713
13531
14474
8469
16602
9847
6294
13764
18420
18099
11261
15817
5049
9107
6801
4734
886
6603
15510
12654
15039
13690
13876
10645
11949
10949
4392
1575
3647
11128
4050
11525
1318
9019
2501
9719
6664
19882
18644
5539
14605
11692
17940
10820
14405
19824
18271
4462
90
7112
9367
18663
7784
16267
5296
13594
2062
80
3475
1474
4566
5775
3148
16457
3646
8681
13329
7095
3676
2970
2694
3666
4067
17728
17837
5264
19028
12944
17725
18025
5359
7825
17753
10826
13071
10724
12704
9974
19657
283
8911
12041
6999
8154
6947
7775
11605
19031
8884
19060
7835
8052
6994
15359
15820
19165
6517
6766
2377
7447
5940
9672
1811
19467
16853
10158
4298
12843
9710
14458
12447
9595
13723
17843
4823
9057
15693
13410
17443
16088
3127
17251
11238
7366
10564
5095
16484
18766
14477
16938
7969
2942
12341
14779
3659
11531
1761
6867
15361
4013
10566
1472
1559
19924
16712
6498
12487
17339
5902
18509
448
11475
6219
18377
6590
10421
10636
9860
5478
6916
11790
11133
1817
7666
2656
7724
4873
8001
11531
4239
15374
5609
13368
190
10384
19900
2371
2363
19204
12314
17184
14287
16679
7674
11959
12953
11209
2325
6683
5937
9835
2347
9660
9603
13571
4410
19701
13661
16004
2091
8567
14795
17634
12415
13262
15991
12148
8224
6224
1201
11740
1690
4859
1414
4366
518
13135
14988
8295
16532
18639
4365
10882
5907
15496
8993
17150
16504
8555
1760
17116
1735
10135
11493
2575
1042
14387
6925
82
2999
6528
10677
6514
19146
15927
11697
8188
10834
16625
18598
6453
8793
9050
16944
19046
18833
16398
206
207
14967
19453
16324
1953
15784
14067
7165
15930
18821
2454
2593
10771
7378
10669
6506
2978
19080
9904
4232
10175
18038
5229
2018
12243
5306
17567
9270
2437
14129
64
14149
12297
4466
14408
2728
19710
4197
467
9268
17181
599
16089
15628
2621
6838
9866
13546
13979
3364
15914
4107
13028
5498
10900
15847
14631
4623
400
12912
7156
5695
14216
9169
11376
19475
11161
11489
10096
13698
10684
12576
3107
3087
6075
627
16989
17402
7625
9356
6393
10153
3055
12174
16754
11127
10553
9604
5030
19487
4487
13054
162
17110
18884
14504
729
13277
8675
6304
6272
11611
4496
14145
15145
11198
17639
3184
19748
3658
15866
19308
5486
11710
9955
5717
6456
17463
14937
14715
11282
8111
14131
5106
10821
609
15243
17411
8545
382
1696
4428
13537
16761
14114
9612
11508
15787
9413
14182
10402
11728
4085
5418
2056
18313
6350
789
15271
17255
16901
12177
5208
3415
18339
13055
2401
12629
327
5269
19068
6491
11133
706
1687
7294
1199
16605
12833
10875
18655
15231
4792
9140
19807
10663
1428
8966
11898
6041
3124
5561
16201
17123
1810
11876
8891
11147
2717
16425
2724
5555
17671
12708
1417
9898
4171
19206
19873
16311
16793
4414
16865
4944
7129
3895
14061
11338
8143
9289
2152
3029
1966
6036
17152
15005
11717
14776
7124
4470
7163
15062
12591
6105
13029
8035
16647
19152
7050
3950
18872
6574
17546
3295
19016
1337
7116
10202
267
7838
17138
9188
9288
5504
1192
1697
8327
14302
861
2854
17084
7821
3381
13515
16353
16407
4822
16960
1531
19514
10467
10852
9409
2026
6547
11420
13463
17414
968
14845
287
19911
8188
14453
13732
19932
11811
2313
6958
5955
15962
2698
17645
7643
16890
14892
13871
16873
13810
7168
222
1743
4980
19572
3533
5333
7657
18574
18227
17808
13393
9400
4271
8243
1117
15893
9235
11626
5062
14956
8177
393
17110
17632
1183
13573
14075
16735
13147
11209
16529
1052
9070
13424
13392
2275
18751
8479
10004
1229
3211
9953
19238
17051
13257
11623
18559
12135
1155
17709
2605
11651
7969
19803
10057
9095
11649
17457
4365
3218
16516
13137
13137
9666
6408
13942
15247
14700
2220
1753
2128
14077
4946
3660
1196
14805
5927
3671
16128
13348
15951
14476
19273
9355
1692
12342
7008
2201
833
19803
13823
17762
8643
14506
18523
15627
15484
6331
16712
12091
14974
4477
12934
17481
9913
6471
7916
11065
17666
16002
14845
17029
3595
12907
8209
8640
17833
16171
5495
16618
10973
15939
14163
11235
6205
4884
3651
5841
14414
15278
3172
3453
17574
1502
9536
19445
9552
8666
8853
15120
15723
2400
11776
508
14774
1582
5434
2836
15989
10749
19478
10918
17987
5289
14017
18994
13222
8421
1794
18419
2751
5020
7652
6656
5582
1430
5828
13176
2297
16215
8559
3977
12280
904
18305
520
1709
8666
18069
3495
19713
16357
8930
4700
14710
10949
7619
19246
9510
13418
12700
4903
3629
15071
9757
15780
5013
12386
11070
5365
5350
5995
15175
10999
805
18210
18084
9754
16305
9328
5805
18156
17873
19589
18083
1451
11765
17848
15377
8011
4393
13122
19023
10605
5513
3371
11866
19842
10417
19686
15354
16721
10284
15939
13792
4262
15186
3678
16643
17016
5090
17669
11121
3185
2546
5763
11159
18971
6084
786
13579
6230
12765
13599
4227
16092
14173
7015
8329
5363
5361
18384
5363
17005
14482
238
11327
2354
10080
9106
5949
6707
10114
8621
17404
14870
9718
4279
5111
11273
14758
2991
16738
15254
3753
2949
19050
11903
11217
16511
11988
14440
17406
840
6190
13922
14143
3053
17657
16054
19893
9465
12581
7171
9709
3609
13141
447
11211
18401
11649
11414
18453
18716
2595
621
544
5616
12020
18922
19332
16054
1368
8825
3844
3089
5083
6821
15236
13572
14439
2977
1743
15660
19644
227
13230
19849
18522
14302
3063
4855
14261
6693
655
18501
19016
8452
4663
6846
1794
17155
14536
2428
14887
14321
19883
17516
6415
8433
8765
2890
7121
12800
8737
10526
15573
19985
7189
10332
2279
36
9883
11760
7378
1719
18389
8823
759
7096
11542
1504
7093
10769
5039
4602
11809
18431
18446
2788
358
10280
969
2571
15726
4332
1621
1101
5004
5998
1638
18153
18936
18543
1262
17642
6245
12654
19360
13410
2503
14967
5550
13039
2143
2006
17995
47
18340
17558
440
4751
3152
6775
2
3979
19795
1177
977
2933
16852
2697
16279
12434
5600
5504
9682
7534
5816
18616
9211
16409
11225
6898
14071
6223
17119
19233
9618
16907
11591
3656
7269
18612
12048
7606
12823
16221
15485
18824
10369
3881
8381
10747
10266
7051
898
6975
2572
590
9269
16281
4915
9058
13751
5655
9897
11717
14627
1591
7573
18415
13398
9934
11295
7615
12518
5949
2737
19025
5751
1511
19581
7411
18919
4313
7160
6881
11318
15324
19599
7999
17001
5352
5205
11627
7949
3144
3497
11195
17180
3224
13945
19182
4368
17514
8197
10871
13552
4192
16067
19489
4794
9890
15613
4218
109
5390
4447
7373
17051
4038
14413
12317
3629
18852
1441
7659
11276
17140
4363
6015
2954
10253
11690
5261
10306
7164
5018
7791
10920
19963
9253
13751
12343
7267
14544
16406
2595
1751
18043
11446
2111
10938
19962
7696
12122
17939
9334
9406
14306
7799
9799
498
8781
11294
6705
7607
6728
16503
16876
15693
6427
1736
2971
15498
1708
18228
5182
13592
12899
10823
9698
608
5176
15455
15884
1335
5928
12405
1252
8510
13722
2895
14505
13417
10770
6815
10078
552
9265
8997
16753
4340
13460
17591
9243
2042
14957
17847
4075
10603
5230
19856
5406
18599
8936
9959
15232
9999
15422
3335
11543
3
575
6801
11435
1985
10467
15066
4814
16095
5228
18182
6064
6170
14003
13849
9101
7432
10890
1410
5606
10319
19525
15587
14034
17061
19772
6323
2440
14481
5460
18432
11012
17040
17193
16678
14756
13557
274
15221
13638
5581
15971
3269
2693
752
17344
2884
10329
3691
11646
14552
16927
18474
6462
5222
14132
4331
17700
3454
8753
17497
16291
13109
4906
8211
13427
11364
16539
3283
1900
6140
17675
2632
12034
16752
19901
10245
11083
5087
63
14863
13234
13979
9347
4432
10689
3536
7109
14087
18987
7216
8251
4994
9556
12829
10557
1012
18607
3356
11683
18794
15545
13484
17502
10906
5937
7711
17571
10712
9425
19538
1352
5603
11746
13845
400
16095
11036
2538
19158
11578
12995
14578
7474
13191
17854
10726
149
18495
19240
9987
10783
17156
11512
8296
1708
16455
7821
16185
9591
19022
19997
2725
10038
14334
3704
3950
7441
19081
13916
3381
7140
11263
8070
6546
9173
16476
8985
18694
13202
14364
16976
16187
7557
6333
2972
11830
3322
13975
5504
6731
16037
18951
5419
15909
11842
9331
850
3284
3222
18261
13823
16466
19871
15365
1205
9384
16886
19989
2880
19598
3063
750
16373
2184
6283
1103
5198
19168
5753
13856
12769
8967
7810
3565
12691
3635
6589
11830
3836
9120
4708
8067
838
1289
1370
4750
11463
3312
2418
9114
10050
8191
2475
13200
19858
11070
47
13984
9922
5701
10872
16319
6793
11648
9571
13834
1393
12771
11111
327
13164
2904
5761
10262
19906
625
10751
2462
2959
13590
9449
15406
18217
1906
7677
461
15279
6394
2634
10078
4797
5600
7188
11194
18029
1506
9262
9339
17997
12991
16032
17193
16465
13838
8611
12016
1663
15209
17299
19257
221
6701
5626
6297
621
18362
557
18540
18430
19114
8096
19739
19662
4789
8619
4204
13389
3896
18123
14822
14443
882
19359
3094
9645
15829
4473
10689
14798
18208
6174
11128
19444
12037
5739
6664
15149
12376
13305
13570
888
4447
8308
12542
9851
739
18410
5140
10155
6486
1179
341
15532
19637
11288
11123
18803
2567
8173
16839
12429
6697
9452
14787
13059
1590
10901
3991
16066
15976
10964
15648
8440
16561
13686
8242
11013
12729
17683
14279
151
6814
17841
12006
17124
645
1416
11646
6174
4069
6856
17837
4082
14178
1164
1357
17274
7564
12727
10878
8982
7956
3133
8271
15257
8301
12194
8651
10244
5486
3515
9985
15599
5667
9975
13072
16595
2549
4491
17533
4559
19988
15705
19091
13748
1580
15259
5288
1085
5037
16682
11323
11549
14575
5439
6155
6746
8891
8516
3933
14111
8437
7904
11677
1977
2874
14856
3137
5421
1308
13882
17025
9628
18471
8489
14707
6170
8067
18883
7599
900
6700
12328
12024
10634
3146
14916
9852
16299
19711
17589
3030
19768
7988
16743
2986
2567
9361
16021
7903
17227
14492
4702
3213
17428
19745
9594
8213
3524
9421
15671
17803
12562
2868
645
13545
651
2824
19504
131
15036
1759
16884
4968
19482
14804
15328
10327
908
67
17322
15742
17765
18057
14046
10229
19129
769
16295
8362
13686
6769
12583
2231
4100
153
27
6333
13551
13014
12438
17301
7361
17966
12279
6065
10594
17895
14054
4383
6391
12731
13042
8323
19060
9622
784
6917
19159
16814
12387
10143
4322
6435
19431
7132
5541
16735
286
9811
6060
19763
12576
1152
9040
9165
15654
15844
18824
12761
19622
3738
14626
18033
8726
6697
1449
9292
6466
14394
12492
12785
4319
13927
19553
18816
219
7506
13952
973
11358
841
8533
7960
18489
12
13600
361
19738
14147
16450
8576
5872
16307
11819
13262
8940
1378
7645
17079
12390
19972
11362
1856
978
18710
4096
9629
11634
1675
16887
17966
3155
3675
10614
2928
7797
12231
5892
2140
2254
18290
18205
6563
12643
14923
3997
9514
9461
11147
8406
18449
7581
13875
1023
8762
7149
11763
2316
4879
7588
8872
3679
12329
16915
1614
9645
6630
17342
17426
12652
6551
7370
1027
17460
18725
12967
13933
17131
4176
15134
9205
19547
4286
13966
11523
4128
11320
79
7032
13092
5709
9941
19495
4618
8407
728
10041
15313
7058
18792
14759
18352
15227
6221
3597
18939
5173
11189
4195
19956
7374
4124
10076
12255
8096
11816
10699
8955
4554
7014
5470
3795
1222
3308
15064
6769
11464
128
5879
8456
10362
1768
10439
17865
16554
17067
2584
2370
18552
14185
6094
14423
2865
6608
12105
15066
9574
13076
2629
13376
10805
19041
7712
3729
14613
2392
18803
2510
1604
12387
13205
411
11165
9902
6464
14842
10764
383
1908
3268
8042
8715
14259
10538
1994
9010
3376
16632
14880
13839
694
7625
19202
10227
9673
19043
13344
12771
10928
19758
1371
9189
11561
12474
11343
1495
4087
5102
10826
2200
9373
17258
6807
16385
6604
19340
12885
11682
16275
19886
11702
10509
12397
9603
13734
11942
2363
9818
1136
3060
6457
16952
1164
15301
18796
9675
9881
2760
2011
14992
10287
13403
1738
13818
14764
7050
9583
19377
16631
3691
75
11837
17542
3685
2455
951
4775
13929
12825
427
19105
4410
7130
2741
18353
1178
19099
8883
19804
5007
16395
12466
1252
12288
18561
1203
9122
14738
4277
15680
7502
3995
490
19235
19845
11478
5146
14249
5039
5763
4835
2666
18595
14014
13374
10549
10458
3021
4198
1716
13919
595
6532
4845
11034
5365
1220
2586
2070
19790
3168
13137
3382
7987
2759
1235
1371
3640
1342
14760
3007
7601
11141
7515
8982
9611
6432
4834
10821
8542
4604
5457
226
13361
17065
8512
18025
12042
4425
15103
8578
7452
15908
9077
6719
19903
19173
1141
7751
18419
2240
1013
15423
18011
19497
7752
2056
17647
3373
17015
407
18249
4012
13098
14399
8585
5469
8009
14234
1059
9519
12250
6219
18755
14294
17665
13918
8839
1682
5680
5500
11130
6389
2350
19785
19653
2032
18080
15333
6628
1944
6684
17398
19046
9288
6544
18764
15900
13065
16722
9011
6975
15707
6217
9195
4237
15183
5855
7744
8854
8490
11632
4916
98
13602
10759
5291
4418
684
1305
15000
12932
18888
4848
8815
746
10660
5105
18834
11364
16669
6874
8619
7942
16662
18284
7867
18550
7810
11911
12608
17535
8974
1946
4474
9045
8624
4531
4553
1691
3508
10759
16492
18868
6523
19115
13402
15220
6298
18019
8738
15294
11798
17756
5205
7367
6939
13543
6354
19958
12842
17730
16617
14472
5712
15194
5181
12213
303
19036
12238
16652
19747
13389
10675
3428
18115
17363
19504
7898
3808
19916
7476
6738
1992
7592
10007
17060
9050
13858
12666
12750
1074
12331
13512
3508
5527
4861
3703
12764
6434
5825
12434
10718
8453
5853
15460
1022
5318
10904
2921
15709
2064
14834
2618
10445
5350
18060
4063
10044
2202
13418
17679
13487
141
17402
7718
18003
422
8149
10553
17198
4963
15625
3684
16811
10026
2504
18212
4755
18002
19885
7480
12274
16646
7441
5837
2344
13393
15810
13676
7579
4459
1558
11372
16587
15582
15667
4451
16627
16556
9180
7880
17824
18091
12631
13230
9479
531
7946
13875
4871
3988
4557
142
14973
11685
1114
1620
6797
17444
10071
3119
13358
12137
8167
15669
210
13057
8451
6649
11631
10012
6351
6464
19107
7818
14776
17117
15106
6120
10758
15247
18183
8324
1862
5364
4996
11352
2758
2134
14357
8828
7083
19246
17304
973
14660
13909
8037
1813
15038
257
12967
19824
16068
11646
12110
10398
11623
12385
10932
18023
16819
2243
1099
12371
7175
18868
4154
12186
5830
14378
2388
3380
15876
2304
14525
14532
12303
11766
6930
644
3955
3944
160
6939
6329
5529
14037
4849
5527
14963
4605
6671
15246
18424
12830
1700
19629
8455
17600
1372
16041
19955
5413
9651
5186
13463
3900
18182
12631
19551
18436
1282
3300
11740
9697
4353
10414
3246
8783
17046
14785
8168
10453
11883
14579
7720
6158
13576
6515
8207
18692
11224
8335
13726
15616
13843
18692
10649
10273
14021
6638
15881
17474
14322
19175
965
14777
4114
9813
849
17390
10896
18908
1045
16733
12296
56
2603
5659
6043
10217
12160
10549
5148
10711
3340
18637
14172
9653
17404
9142
6189
12582
9433
3480
10400
18191
4035
1947
2739
17061
11240
10422
19732
8834
15412
4845
8405
4450
8431
6911
11477
2518
18447
12824
19525
14588
11850
10050
10161
16150
618
8739
15064
9470
13893
9405
8874
18450
8068
8624
4180
795
8297
11704
3994
574
2076
5716
57
9491
17521
17921
15742
4313
6880
16149
10592
11007
15123
13841
15628
15910
10000
9873
11127
6657
16473
2201
6103
3512
1269
13415
18120
1424
15366
14997
19618
9201
2854
14013
15539
3786
1280
15951
1630
13030
9418
16085
4261
19269
19133
13793
12928
11080
6535
4182
280
1945
15005
6676
3583
5575
8733
13154
16358
13798
8876
14230
19719
16106
13383
6784
6572
12704
9494
15893
18643
6426
19187
3188
19289
8262
1189
3637
3546
1775
8529
19409
2413
8033
17302
1439
16526
4732
18052
4219
8351
18497
1760
15448
8730
13010
375
13109
1720
12215
2521
7681
4261
17430
1255
13557
18982
5278
6916
13032
1101
2761
14961
16160
16313
6093
12201
12593
17823
12474
4075
14359
9939
15295
1314
1478
2458
19062
15856
14757
5622
11229
7083
14123
13587
8722
2883
9951
8654
16858
4653
4535
16108
9840
17320
15947
2550
8660
7150
7961
500
6078
7839
10731
14487
7305
18521
7519
17103
17505
14281
10493
7685
8813
1844
13119
12997
5166
10530
1037
15044
12697
7615
13264
12342
6894
11788
13732
12158
16451
6158
3352
9142
5347
1443
15617
16025
6324
16076
1171
18873
12685
15329
11666
4226
13534
17055
11180
19377
14765
14600
4158
19166
17526
12516
9100
17328
17897
6730
16801
2536
7791
7967
9579
85
12142
17274
9478
7857
14001
2327
7015
17262
15153
6441
11428
1455
16972
5512
5325
8584
8103
2357
5211
3254
17963
13159
1034
6197
10677
13556
5456
3008
15404
16769
5714
19551
11561
9276
19252
14203
17618
17882
12486
14760
9455
3908
92
12063
3501
1923
1622
6422
3682
18199
11099
2104
12218
15976
1994
15555
15081
11570
16028
9226
4904
4739
9636
16044
1761
4986
19012
7008
9877
13005
14490
4990
7558
2110
18608
16067
16766
13099
553
3796
7285
19502
612
361
6625
5667
13829
13707
4631
7399
7794
138
4736
1250
3020
7390
6843
19669
6891
1752
1083
3233
7601
2659
12620
18243
4378
10710
8806
11301
17775
2992
9911
4220
7920
303
7521
10296
7695
1161
8820
5850
3951
553
876
13632
3636
10814
2331
3269
14322
7464
2471
13650
12010
13496
2540
5311
12891
13380
9069
13775
16373
1431
509
18875
10493
2519
9081
1820
776
8436
5166
16446
12716
11230
470
16518
1239
15235
19924
12361
8990
6245
8533
15712
19218
3782
4404
6689
8255
6175
9397
6396
17494
1287
14475
892
19282
15800
914
7965
1575
16567
272
3499
15564
19424
16406
13262
673
13758
16434
5873
14786
6652
10190
11084
8318
3062
15629
9696
19075
5324
19409
14248
9616
1074
18295
14624
313
13194
6160
15722
19614
12479
5111
9980
18662
4381
14184
7199
18311